58015 116.33  34.45   44 DS
1960-1970 164 63 218
1970-1980 189 59 249
1980-1990 194 64 259
1990-2000 287 97 401
2000-2010 296 108 426
58203 115.74  32.88   32 FY
1960-1970 173 65 223
1970-1980 221 84 299
1980-1990 196 71 248
1990-2000 262 87 343
2000-2010 294 120 392
58102 115.76  33.87   38 BZ
1960-1970 160 58 225
1970-1980 250 82 352
1980-1990 197 64 281
1990-2000 267 102 344
2000-2010 316 115 424
58215 116.78  32.56   23 SX
1960-1970 153 50 205
1970-1980 181 60 237
1980-1990 175 55 245
1990-2000 239 73 357
2000-2010 297 95 411
58424 117.04  30.53   20 AQ
1960-1970 138 39 172
1970-1980 143 56 207
1980-1990 157 55 235
1990-2000 229 90 316
2000-2010 236 114 303
58321 117.30  31.79   27 HF
1960-1970 155 58 209
1970-1980 199 80 247
1980-1990 188 65 255
1990-2000 252 118 357
2000-2010 291 150 368
58236 118.25  32.36   34 CH
1960-1970 156 52 234
1970-1980 166 58 222
1980-1990 175 59 240
1990-2000 225 96 276
2000-2010 208 105 265
58531 118.28  29.71  143 TX
1960-1970 193 64 285
1970-1980 212 77 300
1980-1990 215 78 314
1990-2000 237 99 348
2000-2010 245 110 345
58437 118.15  30.13 1836 HS
1960-1970 312 42 473
1970-1980 328 49 503
1980-1990 338 51 516
1990-2000 341 57 512
2000-2010 361 68 565
58131 118.22  33.97   25 SQ
1960-1970 83 35 100
1970-1980 118 40 153
1980-1990 112 32 137
1990-2000 134 45 168
2000-2010 125 45 156
58141 118.93  33.63   13 HA
1960-1970 175 69 232
1970-1980 190 75 242
1980-1990 177 84 237
1990-2000 266 115 329
2000-2010 227 98 305
58154 120.10  33.32    4 YC
1960-1970 59 24 90
1970-1980 75 34 100
1980-1990 60 27 70
1990-2000 103 33 135
2000-2010 105 40 125
58238 118.90  31.93   35 NJ
1960-1970 144 50 198
1970-1980 178 62 253
1980-1990 218 79 313
1990-2000 260 100 354
2000-2010 260 114 334
58252 119.47  32.18   27 ZJ
1960-1970 71 29 97
1970-1980 79 30 104
1980-1990 145 45 194
1990-2000 129 56 162
2000-2010 169 70 194
58259 120.98  32.08    5 NT
1960-1970 134 40 170
1970-1980 167 57 219
1980-1990 203 76 272
1990-2000 245 92 307
2000-2010 226 94 320
58343 119.98  31.87    4 CZ
1960-1970 147 53 196
1970-1980 168 69 218
1980-1990 177 62 246
1990-2000 266 125 355
2000-2010 279 125 367
58349 120.57  31.42    8 SZ
1960-1970 64 27 80
1970-1980 82 26 110
1980-1990 98 50 135
1990-2000 124 40 155
2000-2010 118 52 160
58354 120.35  31.62    3 WX
1960-1970 70 26 94
1970-1980 82 34 110
1980-1990 81 27 106
1990-2000 94 25 127
2000-2010 161 47 208
58027 117.17  34.28   41 XZ
1960-1970 145 53 193
1970-1980 186 66 245
1980-1990 165 72 210
1990-2000 239 102 316
2000-2010 273 124 367
